0 10 3 15 12 2 11 
0 10 3 15 12 2 13 5 14 9 
0 10 3 15 12 2 13 5 
0 10 3 15 12 2 13 5 9 
0 10 3 15 12 2 13 9 
0 10 3 15 12 2 4 9 
0 10 3 15 12 1 2 11 
0 10 3 15 12 1 2 13 5 14 9 
0 10 3 15 12 1 2 13 5 
0 10 3 15 12 1 2 13 5 9 
0 10 3 15 12 1 2 13 9 
0 10 3 15 12 1 2 4 9 
0 10 3 15 12 14 9 
0 10 3 15 12 14 2 11 
0 10 3 15 12 14 2 13 5 
0 10 3 15 12 14 2 13 5 9 
0 10 3 15 12 14 2 13 9 
0 10 3 15 12 14 2 4 9 
0 10 3 7 
0 10 3 7 12 2 11 
0 10 3 7 12 2 13 5 14 9 
0 10 3 7 12 2 13 5 
0 10 3 7 12 2 13 5 9 
0 10 3 7 12 2 13 9 
0 10 3 7 12 2 4 9 
0 10 3 7 12 1 2 11 
0 10 3 7 12 1 2 13 5 14 9 
0 10 3 7 12 1 2 13 5 
0 10 3 7 12 1 2 13 5 9 
0 10 3 7 12 1 2 13 9 
0 10 3 7 12 1 2 4 9 
0 10 3 7 12 14 9 
0 10 3 7 12 14 2 11 
0 10 3 7 12 14 2 13 5 
0 10 3 7 12 14 2 13 5 9 
0 10 3 7 12 14 2 13 9 
0 10 3 7 12 14 2 4 9 
0 10 9 
1 2 13 5 14 12 
2 13 5 14 12 
2 13 5 14 
3 15 10 
12 14 
