1 8 14 12 2 11 7 15 
1 8 14 12 9 5 
1 8 14 12 9 5 6 
1 8 14 13 6 
1 8 14 13 3 4 11 7 15 
1 8 14 13 3 4 11 7 10 12 9 5 
1 8 14 13 3 4 11 7 10 12 9 5 6 
1 8 14 13 3 4 7 15 
1 8 14 13 3 4 7 10 12 9 5 
1 8 14 13 3 4 7 10 12 9 5 6 
1 8 14 13 7 15 
1 8 14 13 7 10 12 9 5 
1 8 14 13 7 10 12 9 5 6 
1 8 14 13 10 12 2 11 7 15 
1 8 14 13 10 12 9 5 
1 8 14 13 10 12 9 5 6 
1 8 14 
1 8 9 14 12 2 11 7 15 
1 8 9 14 13 6 
1 8 9 14 13 3 4 11 7 15 
1 8 9 14 13 3 4 7 15 
1 8 9 14 13 7 15 
1 8 9 14 13 10 12 2 11 7 15 
1 8 9 14 
1 8 9 12 2 11 7 15 
1 8 9 5 
1 8 9 5 6 
2 11 7 8 14 12 
2 11 7 8 14 13 10 12 
2 11 7 8 9 14 12 
2 11 7 8 9 14 13 10 12 
2 11 7 8 9 12 
2 11 7 10 12 
3 4 11 7 8 14 13 
3 4 11 7 8 9 14 13 
3 4 11 7 10 12 9 14 13 
3 4 7 8 14 13 
3 4 7 8 9 14 13 
3 4 7 10 12 9 14 13 
7 8 14 13 
7 8 9 14 13 
7 10 12 9 14 13 
9 14 12 
9 14 13 10 12 
9 12 
