2 4 10 5 7 13 12 15 14 6 
2 4 10 5 7 13 12 15 
2 4 10 5 7 6 3 15 
2 4 10 5 7 6 
2 4 10 8 13 12 15 14 6 
2 4 10 8 13 12 15 
2 4 10 8 12 15 14 6 
2 4 10 8 12 15 
2 4 15 14 6 
2 4 15 10 5 7 6 
2 4 15 
2 5 7 13 12 15 14 6 
2 5 7 13 12 15 
2 5 7 6 3 15 
2 5 7 6 3 4 10 8 13 12 15 
2 5 7 6 3 4 10 8 12 15 
2 5 7 6 3 4 15 
2 5 7 6 
2 10 5 7 13 12 15 14 6 
2 10 5 7 13 12 15 
2 10 5 7 6 3 15 
2 10 5 7 6 3 4 15 
2 10 5 7 6 
2 10 8 13 12 15 14 6 
2 10 8 13 12 15 
2 10 8 12 15 14 6 
2 10 8 12 15 
2 11 7 13 12 15 14 6 
2 11 7 13 12 15 
2 11 7 6 3 15 
2 11 7 6 3 4 10 8 13 12 15 
2 11 7 6 3 4 10 8 12 15 
2 11 7 6 3 4 15 
2 11 7 6 
3 6 
3 15 14 6 
3 15 10 5 7 6 
3 4 10 5 7 13 12 15 14 6 
3 4 10 5 7 6 
3 4 10 8 13 12 15 14 6 
3 4 10 8 12 15 14 6 
3 4 15 14 6 
3 4 15 10 5 7 6 
5 7 13 12 15 10 
8 13 12 15 10 
8 12 15 10 
