0 11 12 10 14 
0 11 10 14 
0 3 9 13 11 12 10 14 
0 3 9 13 11 10 14 
2 15 4 3 9 13 11 5 6 
2 15 4 3 9 13 11 12 10 5 6 
2 15 4 3 9 13 11 12 10 6 
2 15 4 3 9 13 11 10 5 6 
2 15 4 3 9 13 11 10 6 
2 15 4 11 5 6 
2 15 4 11 12 10 5 6 
2 15 4 11 12 10 6 
2 15 4 11 10 5 6 
2 15 4 11 10 6 
2 11 5 6 
2 11 12 10 5 6 
2 11 12 10 6 
2 11 10 5 6 
2 11 10 6 
2 8 11 5 6 
2 8 11 12 10 5 6 
2 8 11 12 10 6 
2 8 11 10 5 6 
2 8 11 10 6 
2 8 4 3 9 13 11 5 6 
2 8 4 3 9 13 11 12 10 5 6 
2 8 4 3 9 13 11 12 10 6 
2 8 4 3 9 13 11 10 5 6 
2 8 4 3 9 13 11 10 6 
2 8 4 11 5 6 
2 8 4 11 12 10 5 6 
2 8 4 11 12 10 6 
2 8 4 11 10 5 6 
2 8 4 11 10 6 
2 8 13 11 5 6 
2 8 13 11 12 10 5 6 
2 8 13 11 12 10 6 
2 8 13 11 10 5 6 
2 8 13 11 10 6 
3 9 
3 9 13 
5 6 9 13 11 
5 6 9 13 11 12 10 
5 6 9 13 11 10 
6 9 13 11 12 10 
6 9 13 11 10 
9 13 11 
11 12 
11 12 13 
