0 2 15 3 13 7 
0 2 15 3 14 5 4 13 7 
0 2 15 10 9 14 5 4 13 7 
0 2 15 10 5 4 13 7 
0 2 15 1 14 5 4 13 7 
0 2 6 10 9 15 3 13 7 
0 2 6 10 9 15 3 14 5 4 13 7 
0 2 6 10 9 15 1 14 5 4 13 7 
0 2 6 10 9 14 5 4 13 7 
0 2 6 10 5 4 13 7 
0 2 13 7 
0 2 3 13 7 
0 2 3 14 5 4 13 7 
1 2 15 3 13 7 12 
1 2 15 3 14 5 4 13 7 12 
1 2 15 10 9 14 5 4 13 7 12 
1 2 15 10 5 4 13 7 12 
1 2 15 
1 2 6 10 9 15 3 13 7 12 
1 2 6 10 9 15 3 14 5 4 13 7 12 
1 2 6 10 9 15 
1 2 6 10 9 14 5 4 13 7 12 
1 2 6 10 5 4 13 7 12 9 15 
1 2 6 10 5 4 13 7 12 
1 2 13 7 12 9 15 
1 2 13 7 12 
1 2 3 13 7 12 9 15 
1 2 3 13 7 12 
1 2 3 14 5 4 13 7 12 9 15 
1 2 3 14 5 4 13 7 12 
1 14 5 4 13 7 12 9 15 
1 14 5 4 13 7 12 
3 13 7 12 9 15 
3 14 5 4 13 7 12 9 15 
4 13 7 12 9 15 10 5 
4 13 7 12 9 14 5 
4 13 7 12 14 5 
9 15 10 
