0 13 7 12 2 6 10 8 3 
0 13 7 12 2 6 10 8 3 11 15 
0 13 7 12 2 6 10 8 
0 13 7 12 2 10 8 3 
0 13 7 12 2 10 8 3 11 15 
0 13 7 12 2 10 8 
0 13 7 11 15 
0 13 7 11 15 10 8 3 
0 13 7 11 15 10 8 
0 13 3 
0 13 3 11 15 
0 13 3 11 15 10 8 
0 13 3 11 7 12 2 6 10 8 
0 13 3 11 7 12 2 10 8 
0 13 
0 13 2 6 7 11 15 
0 13 2 6 7 11 15 10 8 3 
0 13 2 6 7 11 15 10 8 
0 13 2 6 10 8 3 
0 13 2 6 10 8 3 11 15 
0 13 2 6 10 8 
0 13 2 10 8 3 
0 13 2 10 8 3 11 15 
0 13 2 10 8 
2 6 7 12 
2 6 7 11 15 10 8 
2 6 7 11 15 10 12 
2 6 10 8 3 11 7 12 
2 6 10 8 
2 6 10 12 
2 10 8 3 11 7 12 
2 10 8 
2 10 12 
3 11 15 10 8 
7 11 
8 10 
